 85 2296
 86 941
 87 3466
 88 954
 89 757
 91 811
 90 502
 1 81
 2 357
 3 65
 4 108
 5 531
 6 66
 7 108
 8 505
 9 76
 10 108
 11 507
 12 66
 13 108
 14 494
 15 76
 16 108
 17 501
 18 54
 19 108
 20 495
 21 64
 22 108
 23 526
 24 66
 25 108
 26 538
 27 76
 28 76
 31 75
 32 471
 33 69
 34 56
 35 546
 36 77
 37 57
 38 545
 39 67
 40 56
 41 511
 42 86
 29 482
 30 61
 43 23
 44 24
 45 22
 46 25
 47 40
 48 22
 49 25
 50 40
 51 22
 52 25
 53 40
 54 22
 55 25
 56 40
 57 22
 58 26
 59 52
 60 26
 61 26
 62 53
 63 26
 64 25
 65 40
 66 22
 67 25
 68 41
 69 22
 70 26
 71 47
 72 21
 73 26
 74 47
 75 21
 76 23
 77 46
 78 32
 79 24
 80 45
 81 32
 82 24
 83 46
 84 33
 95 168
 96 404
 97 510
 98 54
 99 339
 100 72
 101 54
 102 339
 103 72
 104 61
 105 340
 106 72
 107 61
 108 340
 109 72
 110 61
 111 340
 112 69
 113 61
 114 407
 115 69
 116 61
 117 340
 118 69
 119 61
 120 340
 121 66
 122 60
 123 373
 124 56
 125 60
 126 409
 127 58
 128 60
 129 367
 130 74
 131 60
 132 329
 133 73
 134 81
 135 319
 136 65
 137 36
 138 63
 139 66
 140 21
 141 25
 142 28
 143 21
 144 25
 145 28
 146 20
 147 25
 148 28
 149 20
 150 25
 151 28
 152 21
 153 25
 154 28
 155 20
 156 31
 157 27
 158 20
 159 22
 160 27
 161 20
 162 25
 163 29
 164 22
 165 32
 166 29
 167 22
 168 33
 169 28
 170 22
 171 25
 172 28
 173 22
 174 25
 175 31
 176 22
 177 26
 178 23
 181 982
 180 3061
 182 532
 179 3531
 183 1395
 184 706
 186 1504
 185 1035
 187 382
 189 400
 195 25
 196 40
 197 16
 198 303
 199 15
 200 40
 201 16
 203 15
 202 114
 204 40
 205 16
 211 15
 206 120
 212 40
 213 16
 215 181
 214 114
 216 424
 207 15
 208 40
 209 16
 210 114
 217 528
 223 13
 224 19
 225 8
 226 49
 227 11
 228 19
 229 8
 230 30
 231 11
 232 19
 233 8
 234 30
 235 11
 236 19
 237 8
 238 30
 239 11
 240 19
 241 8
 242 30
 243 37
 244 64
 245 66
 246 14
 247 14
 248 14
 249 14
 250 21
 251 21
 284 1752
 287 2310
 285 2404
 286 1448
 277 1369
 276 1122
 275 1193
 280 1581
 279 1659
 278 1663
 281 284
 282 240
 283 232
 190 17
 191 22
 192 50
 193 15
 194 329
 218 9
 219 15
 220 22
 221 10
 222 50
 252 21
 253 21
 288 1644
 354 1542
 352 766
 353 1253
 335 331
 333 314
 334 315
 331 512
 332 311
 336 827
 330 574
 328 353
 329 15
