1	198	D-4	717823	1021435	18
1	198	D-4	717824	1021423	18
1	198	D-4	717825	1021421	18
1	198	D-4	717826	1021409	18
1	198	D-4	717827	1021408	18
1	198	D-4	717828	1021401	18
1	198	D-4	717829	1021394	18
1	198	D-4	717830	1021389	18
1	198	D-4	717831	1021385	18
1	198	D-4	717832	1021378	18
1	198	D-4	717833	1021373	18
1	198	D-4	717834	1021370	18
1	198	D-4	717835	1021365	18
1	198	D-4	717836	1021362	18
1	198	D-4	717837	1021355	18
1	198	D-4	717838	1021353	18
1	198	D-4	717839	1021350	18
1	198	D-4	717840	1021347	18
2	199	D-6	717842	1021326	10
2	199	D-6	717843	1021318	10
2	199	D-6	717844	1021312	10
2	199	D-6	717845	1021306	10
2	199	D-6	717846	1021300	10
2	199	D-6	717847	1021296	10
2	199	D-6	717848	1021292	10
2	199	D-6	717849	1021286	10
2	199	D-6	717850	1021279	10
2	199	D-6	717851	1021275	10
3	200	D-7	717853	1021424	30
3	200	D-7	717854	1021422	30
3	200	D-7	717855	1021412	30
3	200	D-7	717856	1021407	30
3	200	D-7	717857	1021398	30
3	200	D-7	717858	1021391	30
3	200	D-7	717859	1021384	30
3	200	D-7	717860	1021375	30
3	200	D-7	717861	1021368	30
3	200	D-7	717862	1021361	30
3	200	D-7	717863	1021352	30
3	200	D-7	717864	1021345	30
3	200	D-7	717865	1021337	30
3	200	D-7	717866	1021332	30
3	200	D-7	717867	1021327	30
3	200	D-7	717868	1021320	30
3	200	D-7	717869	1021313	30
3	200	D-7	717870	1021309	30
3	200	D-7	717871	1021302	30
3	200	D-7	717872	1021294	30
3	200	D-7	717873	1021291	30
3	200	D-7	717874	1021284	30
3	200	D-7	717875	1021278	30
3	200	D-7	717876	1021272	30
3	200	D-7	717877	1021268	30
3	200	D-7	717878	1021261	30
3	200	D-7	717879	1021259	30
3	200	D-7	717880	1021254	30
3	200	D-7	717881	1021249	30
3	200	D-7	717882	1021246	30
4	201	D-9	717884	1021269	12
4	201	D-9	717885	1021262	12
4	201	D-9	717886	1021257	12
4	201	D-9	717887	1021251	12
4	201	D-9	717888	1021247	12
4	201	D-9	717889	1021242	12
4	201	D-9	717890	1021238	12
4	201	D-9	717891	1021236	12
4	201	D-9	717892	1021233	12
4	201	D-9	717893	1021231	12
4	201	D-9	717894	1021229	12
4	201	D-9	717895	1021566	12
5	202	D-17	717897	1020617	24
5	202	D-17	717898	1020625	24
5	202	D-17	717899	1020633	24
5	202	D-17	717900	1020648	24
5	202	D-17	717901	1020662	24
5	202	D-17	717902	1020680	24
5	202	D-17	717903	1020691	24
5	202	D-17	717904	1020719	24
5	202	D-17	717905	1020739	24
5	202	D-17	717906	1020766	24
5	202	D-17	717907	1020793	24
5	202	D-17	717908	1020823	24
5	202	D-17	717909	1020847	24
5	202	D-17	717910	1020868	24
5	202	D-17	717911	1020886	24
5	202	D-17	717912	1020904	24
5	202	D-17	717913	1020916	24
5	202	D-17	717914	1020922	24
5	202	D-17	717915	1020933	24
5	202	D-17	717916	1020946	24
5	202	D-17	717917	1020949	24
5	202	D-17	717918	1021609	24
5	202	D-17	717919	1021610	24
5	202	D-17	717920	1021611	24
6	203	D-19	717922	1020449	34
6	203	D-19	717923	1020454	34
6	203	D-19	717924	1020455	34
6	203	D-19	717925	1020459	34
6	203	D-19	717926	1020463	34
6	203	D-19	717927	1020471	34
6	203	D-19	717928	1020478	34
6	203	D-19	717929	1020488	34
6	203	D-19	717930	1020495	34
6	203	D-19	717931	1020503	34
6	203	D-19	717932	1020520	34
6	203	D-19	717933	1020536	34
6	203	D-19	717934	1020553	34
6	203	D-19	717935	1020570	34
6	203	D-19	717936	1020593	34
6	203	D-19	717937	1020614	34
6	203	D-19	717938	1020646	34
6	203	D-19	717939	1020672	34
6	203	D-19	717940	1020695	34
6	203	D-19	717941	1020718	34
6	203	D-19	717942	1020737	34
6	203	D-19	717943	1020755	34
6	203	D-19	717944	1020778	34
6	203	D-19	717945	1020788	34
6	203	D-19	717946	1020805	34
6	203	D-19	717947	1020820	34
6	203	D-19	717948	1020829	34
6	203	D-19	717949	1020837	34
6	203	D-19	717950	1020846	34
6	203	D-19	717951	1020854	34
6	203	D-19	717952	1020867	34
6	203	D-19	717953	1020875	34
6	203	D-19	717954	1020880	34
6	203	D-19	717955	1020889	34
7	204	D-20	717957	1020428	38
7	204	D-20	717958	1020434	38
7	204	D-20	717959	1020438	38
7	204	D-20	717960	1020445	38
7	204	D-20	717961	1020450	38
7	204	D-20	717962	1020460	38
7	204	D-20	717963	1020474	38
7	204	D-20	717964	1020485	38
7	204	D-20	717965	1020498	38
7	204	D-20	717966	1020514	38
7	204	D-20	717967	1020531	38
7	204	D-20	717968	1020546	38
7	204	D-20	717969	1020561	38
7	204	D-20	717970	1020576	38
7	204	D-20	717971	1020590	38
7	204	D-20	717972	1020604	38
7	204	D-20	717973	1020620	38
7	204	D-20	717974	1020636	38
7	204	D-20	717975	1020654	38
7	204	D-20	717976	1020665	38
7	204	D-20	717977	1020679	38
7	204	D-20	717978	1020685	38
7	204	D-20	717979	1020694	38
7	204	D-20	717980	1020705	38
7	204	D-20	717981	1020714	38
7	204	D-20	717982	1020724	38
7	204	D-20	717983	1020734	38
7	204	D-20	717984	1020747	38
7	204	D-20	717985	1020764	38
7	204	D-20	717986	1020776	38
7	204	D-20	717987	1020785	38
7	204	D-20	717988	1020796	38
7	204	D-20	717989	1020812	38
7	204	D-20	717990	1020821	38
7	204	D-20	717991	1020832	38
7	204	D-20	717992	1020843	38
7	204	D-20	717993	1020852	38
7	204	D-20	717994	1020857	38
8	205	D-22	717996	1020420	40
8	205	D-22	717997	1020422	40
8	205	D-22	717998	1020425	40
8	205	D-22	717999	1020429	40
8	205	D-22	718000	1020432	40
8	205	D-22	718001	1020437	40
8	205	D-22	718002	1020442	40
8	205	D-22	718003	1020447	40
8	205	D-22	718004	1020461	40
8	205	D-22	718005	1020465	40
8	205	D-22	718006	1020476	40
8	205	D-22	718007	1020484	40
8	205	D-22	718008	1020497	40
8	205	D-22	718009	1020510	40
8	205	D-22	718010	1020524	40
8	205	D-22	718011	1020537	40
8	205	D-22	718012	1020550	40
8	205	D-22	718013	1020562	40
8	205	D-22	718014	1020577	40
8	205	D-22	718015	1020585	40
8	205	D-22	718016	1020600	40
8	205	D-22	718017	1020612	40
8	205	D-22	718018	1020628	40
8	205	D-22	718019	1020645	40
8	205	D-22	718020	1020659	40
8	205	D-22	718021	1020669	40
8	205	D-22	718022	1020681	40
8	205	D-22	718023	1020686	40
8	205	D-22	718024	1020697	40
8	205	D-22	718025	1020709	40
8	205	D-22	718026	1020720	40
8	205	D-22	718027	1020727	40
8	205	D-22	718028	1020738	40
8	205	D-22	718029	1020750	40
8	205	D-22	718030	1020761	40
8	205	D-22	718031	1020770	40
8	205	D-22	718032	1020782	40
8	205	D-22	718033	1020789	40
8	205	D-22	718034	1020802	40
8	205	D-22	718035	1020816	40
9	206	D-24	718037	1020416	38
9	206	D-24	718038	1020417	38
9	206	D-24	718039	1020418	38
9	206	D-24	718040	1020419	38
9	206	D-24	718041	1020421	38
9	206	D-24	718042	1020423	38
9	206	D-24	718043	1020424	38
9	206	D-24	718044	1020427	38
9	206	D-24	718045	1020430	38
9	206	D-24	718046	1020433	38
9	206	D-24	718047	1020435	38
9	206	D-24	718048	1020439	38
9	206	D-24	718049	1020444	38
9	206	D-24	718050	1020446	38
9	206	D-24	718051	1020453	38
9	206	D-24	718052	1020457	38
9	206	D-24	718053	1020462	38
9	206	D-24	718054	1020473	38
9	206	D-24	718055	1020481	38
9	206	D-24	718056	1020491	38
9	206	D-24	718057	1020499	38
9	206	D-24	718058	1020507	38
9	206	D-24	718059	1020516	38
9	206	D-24	718060	1020527	38
9	206	D-24	718061	1020535	38
9	206	D-24	718062	1020545	38
9	206	D-24	718063	1020557	38
9	206	D-24	718064	1020563	38
9	206	D-24	718065	1020574	38
9	206	D-24	718066	1020582	38
9	206	D-24	718067	1020595	38
9	206	D-24	718068	1020603	38
9	206	D-24	718069	1020611	38
9	206	D-24	718070	1020624	38
9	206	D-24	718071	1020634	38
9	206	D-24	718072	1020649	38
9	206	D-24	718073	1020658	38
9	206	D-24	718074	1020666	38
10	207	D-11	718076	1021196	21
10	207	D-11	718077	1021194	21
10	207	D-11	718078	1021193	21
10	207	D-11	718079	1021192	21
10	207	D-11	718080	1021190	21
10	207	D-11	718081	1021189	21
10	207	D-11	718082	1021188	21
10	207	D-11	718083	1021187	21
10	207	D-11	718084	1021186	21
10	207	D-11	718085	1021185	21
10	207	D-11	718086	1021184	21
10	207	D-11	718087	1021694	21
10	207	D-11	718088	1021693	21
10	207	D-11	718089	1021692	21
10	207	D-11	718090	1021691	21
10	207	D-11	718091	1021690	21
10	207	D-11	718092	1021689	21
10	207	D-11	718093	1021688	21
10	207	D-11	718094	1021687	21
10	207	D-11	718095	1021686	21
10	207	D-11	718096	1021179	21
11	208	D-12	718097	1021182	23
11	208	D-12	718098	1021178	23
11	208	D-12	718099	1021177	23
11	208	D-12	718100	1021176	23
11	208	D-12	718101	1021174	23
11	208	D-12	718102	1021173	23
11	208	D-12	718103	1021171	23
11	208	D-12	718104	1021170	23
11	208	D-12	718105	1021167	23
11	208	D-12	718106	1021166	23
11	208	D-12	718107	1021165	23
11	208	D-12	718108	1021164	23
11	208	D-12	718109	1021163	23
11	208	D-12	718110	1021162	23
11	208	D-12	718111	1021161	23
11	208	D-12	718112	1021683	23
11	208	D-12	718113	1021682	23
11	208	D-12	718114	1021681	23
11	208	D-12	718115	1021680	23
11	208	D-12	718116	1021679	23
11	208	D-12	718117	1021678	23
11	208	D-12	718118	1021677	23
11	208	D-12	718119	1021157	23
12	209	D-13	718120	1021114	21
12	209	D-13	718121	1021115	21
12	209	D-13	718122	1021117	21
12	209	D-13	718123	1021120	21
12	209	D-13	718124	1021122	21
12	209	D-13	718125	1021124	21
12	209	D-13	718126	1021126	21
12	209	D-13	718127	1021129	21
12	209	D-13	718128	1021130	21
12	209	D-13	718129	1021131	21
12	209	D-13	718130	1021132	21
12	209	D-13	718131	1021133	21
12	209	D-13	718132	1021134	21
12	209	D-13	718133	1021668	21
12	209	D-13	718134	1021669	21
12	209	D-13	718135	1021670	21
12	209	D-13	718136	1021671	21
12	209	D-13	718137	1021672	21
12	209	D-13	718138	1021673	21
12	209	D-13	718139	1021674	21
12	209	D-13	718140	1021137	21
13	210	D-14	718141	1021050	27
13	210	D-14	718142	1021051	27
13	210	D-14	718143	1021053	27
13	210	D-14	718144	1021057	27
13	210	D-14	718145	1021060	27
13	210	D-14	718146	1021062	27
13	210	D-14	718147	1021066	27
13	210	D-14	718148	1021069	27
13	210	D-14	718149	1021070	27
13	210	D-14	718150	1021072	27
13	210	D-14	718151	1021073	27
13	210	D-14	718152	1021074	27
13	210	D-14	718153	1021076	27
13	210	D-14	718154	1021078	27
13	210	D-14	718155	1021079	27
13	210	D-14	718156	1021080	27
13	210	D-14	718157	1021081	27
13	210	D-14	718158	1021657	27
13	210	D-14	718159	1021658	27
13	210	D-14	718160	1021659	27
13	210	D-14	718161	1021660	27
13	210	D-14	718162	1021661	27
13	210	D-14	718163	1021662	27
13	210	D-14	718164	1021663	27
13	210	D-14	718165	1021664	27
13	210	D-14	718166	1021665	27
13	210	D-14	718167	1021088	27
14	211	D-15	718168	1020960	27
14	211	D-15	718169	1020962	27
14	211	D-15	718170	1020966	27
14	211	D-15	718171	1020980	27
14	211	D-15	718172	1020983	27
14	211	D-15	718173	1020986	27
14	211	D-15	718174	1020990	27
14	211	D-15	718175	1020994	27
14	211	D-15	718176	1020997	27
14	211	D-15	718177	1021002	27
14	211	D-15	718178	1021004	27
14	211	D-15	718179	1021007	27
14	211	D-15	718180	1021010	27
14	211	D-15	718181	1021012	27
14	211	D-15	718182	1021015	27
14	211	D-15	718183	1021020	27
14	211	D-15	718184	1021021	27
14	211	D-15	718185	1021022	27
14	211	D-15	718186	1021024	27
14	211	D-15	718187	1021648	27
14	211	D-15	718188	1021649	27
14	211	D-15	718189	1021650	27
14	211	D-15	718190	1021651	27
14	211	D-15	718191	1021652	27
14	211	D-15	718192	1021653	27
14	211	D-15	718193	1021654	27
14	211	D-15	718194	1021037	27
15	212	B-I 	718195	1021644	2
15	212	B-I 	718196	1021180	2
16	213	B-II 	718197	1021641	2
16	213	B-II 	718198	1021172	2
17	214	B-III 	718199	1021638	2
17	214	B-III 	718200	1021152	2
18	215	B-IV 	718201	1021637	2
18	215	B-IV 	718202	1021125	2
19	216	B-V 	718203	1021634	2
19	216	B-V 	718204	1021103	2
20	217	B-VI	718205	1021631	2
20	217	B-VI	718206	1021071	2
21	218	DB-1	718208	1021136	16
21	218	DB-1	718209	1021127	16
21	218	DB-1	718210	1021113	16
21	218	DB-1	718211	1021105	16
21	218	DB-1	718212	1021094	16
21	218	DB-1	718213	1021086	16
21	218	DB-1	718214	1021065	16
21	218	DB-1	718215	1021047	16
21	218	DB-1	718216	1021036	16
21	218	DB-1	718217	1021025	16
21	218	DB-1	718218	1021009	16
21	218	DB-1	718219	1020995	16
21	218	DB-1	718220	1020982	16
21	218	DB-1	718221	1020963	16
21	218	DB-1	718222	1020921	16
21	218	DB-1	718223	1020882	16
22	219	DB-2	718225	1021146	12
22	219	DB-2	718226	1021142	12
22	219	DB-2	718227	1021135	12
22	219	DB-2	718228	1021118	12
22	219	DB-2	718229	1021106	12
22	219	DB-2	718230	1021096	12
22	219	DB-2	718231	1021085	12
22	219	DB-2	718232	1021061	12
22	219	DB-2	718233	1021043	12
22	219	DB-2	718234	1021032	12
22	219	DB-2	718235	1021014	12
22	219	DB-2	718236	1020999	12
23	220	DB-3	718238	1021149	16
23	220	DB-3	718239	1021144	16
23	220	DB-3	718240	1021138	16
23	220	DB-3	718241	1021123	16
23	220	DB-3	718242	1021108	16
23	220	DB-3	718243	1021098	16
23	220	DB-3	718244	1021087	16
23	220	DB-3	718245	1021063	16
23	220	DB-3	718246	1021046	16
23	220	DB-3	718247	1021033	16
23	220	DB-3	718248	1021019	16
23	220	DB-3	718249	1021003	16
23	220	DB-3	718250	1020987	16
23	220	DB-3	718251	1020965	16
23	220	DB-3	718252	1020932	16
23	220	DB-3	718253	1020892	16
24	221	DB-4	718255	1021156	16
24	221	DB-4	718256	1021151	16
24	221	DB-4	718257	1021145	16
24	221	DB-4	718258	1021140	16
24	221	DB-4	718259	1021121	16
24	221	DB-4	718260	1021107	16
24	221	DB-4	718261	1021095	16
24	221	DB-4	718262	1021083	16
24	221	DB-4	718263	1021058	16
24	221	DB-4	718264	1021042	16
24	221	DB-4	718265	1021030	16
24	221	DB-4	718266	1021013	16
24	221	DB-4	718267	1020998	16
24	221	DB-4	718268	1020984	16
24	221	DB-4	718269	1020964	16
24	221	DB-4	718270	1020923	16
25	222	DB-5	718272	1021159	16
25	222	DB-5	718273	1021155	16
25	222	DB-5	718274	1021148	16
25	222	DB-5	718275	1021141	16
25	222	DB-5	718276	1021128	16
25	222	DB-5	718277	1021110	16
25	222	DB-5	718278	1021097	16
25	222	DB-5	718279	1021084	16
25	222	DB-5	718280	1021056	16
25	222	DB-5	718281	1021039	16
25	222	DB-5	718282	1021027	16
25	222	DB-5	718283	1021008	16
25	222	DB-5	718284	1020992	16
25	222	DB-5	718285	1020978	16
25	222	DB-5	718286	1020947	16
25	222	DB-5	718287	1020897	16
26	223	DB-6	718289	1021169	16
26	223	DB-6	718290	1021160	16
26	223	DB-6	718291	1021153	16
26	223	DB-6	718292	1021147	16
26	223	DB-6	718293	1021139	16
26	223	DB-6	718294	1021116	16
26	223	DB-6	718295	1021101	16
26	223	DB-6	718296	1021090	16
26	223	DB-6	718297	1021064	16
26	223	DB-6	718298	1021044	16
26	223	DB-6	718299	1021028	16
26	223	DB-6	718300	1021011	16
26	223	DB-6	718301	1020993	16
26	223	DB-6	718302	1020981	16
26	223	DB-6	718303	1020948	16
26	223	DB-6	718304	1020895	16
27	224	DA-1	718305	1020578	24
27	224	DA-1	718306	1020592	24
27	224	DA-1	718307	1020607	24
27	224	DA-1	718308	1020626	24
27	224	DA-1	718309	1020650	24
27	224	DA-1	718310	1020671	24
27	224	DA-1	718311	1020688	24
27	224	DA-1	718312	1020722	24
27	224	DA-1	718313	1020752	24
27	224	DA-1	718314	1020784	24
27	224	DA-1	718315	1020798	24
27	224	DA-1	718316	1020815	24
27	224	DA-1	718317	1020828	24
27	224	DA-1	718318	1020842	24
27	224	DA-1	718319	1020856	24
27	224	DA-1	718320	1020871	24
27	224	DA-1	718321	1020881	24
27	224	DA-1	718322	1020896	24
27	224	DA-1	718323	1020911	24
27	224	DA-1	718324	1020920	24
27	224	DA-1	718325	1020934	24
27	224	DA-1	718326	1020952	24
27	224	DA-1	718327	1021573	24
27	224	DA-1	718328	1021614	24
28	225	DA-2	718330	1020508	18
28	225	DA-2	718331	1020541	18
28	225	DA-2	718332	1020575	18
28	225	DA-2	718333	1020610	18
28	225	DA-2	718334	1020661	18
28	225	DA-2	718335	1020698	18
28	225	DA-2	718336	1020735	18
28	225	DA-2	718337	1020773	18
28	225	DA-2	718338	1020807	18
28	225	DA-2	718339	1020833	18
28	225	DA-2	718340	1020860	18
28	225	DA-2	718341	1020876	18
28	225	DA-2	718342	1020898	18
28	225	DA-2	718343	1020913	18
28	225	DA-2	718344	1020927	18
28	225	DA-2	718345	1020939	18
28	225	DA-2	718346	1020953	18
28	225	DA-2	718347	1021615	18
29	226	DA-3	718349	1020464	22
29	226	DA-3	718350	1020487	22
29	226	DA-3	718351	1020511	22
29	226	DA-3	718352	1020538	22
29	226	DA-3	718353	1020567	22
29	226	DA-3	718354	1020599	22
29	226	DA-3	718355	1020635	22
29	226	DA-3	718356	1020674	22
29	226	DA-3	718357	1020713	22
29	226	DA-3	718358	1020740	22
29	226	DA-3	718359	1020775	22
29	226	DA-3	718360	1020799	22
29	226	DA-3	718361	1020826	22
29	226	DA-3	718362	1020848	22
29	226	DA-3	718363	1020870	22
29	226	DA-3	718364	1020883	22
29	226	DA-3	718365	1020905	22
29	226	DA-3	718366	1020917	22
29	226	DA-3	718367	1020930	22
29	226	DA-3	718368	1020942	22
29	226	DA-3	718369	1020954	22
29	226	DA-3	718370	1021616	22
30	227	DA-4	718372	1020515	18
30	227	DA-4	718373	1020549	18
30	227	DA-4	718374	1020580	18
30	227	DA-4	718375	1020615	18
30	227	DA-4	718376	1020664	18
30	227	DA-4	718377	1020704	18
30	227	DA-4	718378	1020742	18
30	227	DA-4	718379	1020779	18
30	227	DA-4	718380	1020810	18
30	227	DA-4	718381	1020835	18
30	227	DA-4	718382	1020862	18
30	227	DA-4	718383	1020877	18
30	227	DA-4	718384	1020900	18
30	227	DA-4	718385	1020914	18
30	227	DA-4	718386	1020928	18
30	227	DA-4	718387	1020940	18
30	227	DA-4	718388	1020955	18
30	227	DA-4	718389	1021617	18
31	228	DA-5	718391	1020639	12
31	228	DA-5	718392	1020690	12
31	228	DA-5	718393	1020744	12
31	228	DA-5	718394	1020786	12
31	228	DA-5	718395	1020831	12
31	228	DA-5	718396	1020863	12
31	228	DA-5	718397	1020891	12
31	228	DA-5	718398	1020909	12
31	228	DA-5	718399	1020925	12
31	228	DA-5	718400	1020936	12
31	228	DA-5	718401	1020957	12
31	228	DA-5	718402	1021619	12
32	229	DA-6	718404	1020673	12
32	229	DA-6	718405	1020721	12
32	229	DA-6	718406	1020767	12
32	229	DA-6	718407	1020808	12
32	229	DA-6	718408	1020841	12
32	229	DA-6	718409	1020869	12
32	229	DA-6	718410	1020893	12
32	229	DA-6	718411	1020912	12
32	229	DA-6	718412	1020929	12
32	229	DA-6	718413	1020941	12
32	229	DA-6	718414	1020950	12
32	229	DA-6	718415	1021613	12
33	230	DA-7	718417	1020509	24
33	230	DA-7	718418	1020523	24
33	230	DA-7	718419	1020533	24
33	230	DA-7	718420	1020547	24
33	230	DA-7	718421	1020559	24
33	230	DA-7	718422	1020573	24
33	230	DA-7	718423	1020584	24
33	230	DA-7	718424	1020602	24
33	230	DA-7	718425	1020619	24
33	230	DA-7	718426	1020644	24
33	230	DA-7	718427	1020663	24
33	230	DA-7	718428	1020687	24
33	230	DA-7	718429	1020717	24
33	230	DA-7	718430	1021570	24
33	230	DA-7	718431	1020759	24
33	230	DA-7	718432	1020768	24
33	230	DA-7	718433	1020783	24
33	230	DA-7	718434	1020791	24
33	230	DA-7	718435	1020806	24
33	230	DA-7	718436	1021580	24
33	230	DA-7	718437	1021583	24
33	230	DA-7	718438	1021586	24
33	230	DA-7	718439	1021589	24
33	230	DA-7	718440	1021592	24
34	231	DA-8	718442	1020470	22
34	231	DA-8	718443	1020477	22
34	231	DA-8	718444	1020482	22
34	231	DA-8	718445	1020492	22
34	231	DA-8	718446	1020500	22
34	231	DA-8	718447	1020521	22
34	231	DA-8	718448	1020539	22
34	231	DA-8	718449	1020566	22
34	231	DA-8	718450	1020597	22
34	231	DA-8	718451	1020632	22
34	231	DA-8	718452	1020675	22
34	231	DA-8	718453	1020706	22
34	231	DA-8	718454	1020729	22
34	231	DA-8	718455	1020757	22
34	231	DA-8	718456	1020781	22
34	231	DA-8	718457	1020790	22
34	231	DA-8	718458	1020804	22
34	231	DA-8	718459	1021579	22
34	231	DA-8	718460	1021582	22
34	231	DA-8	718461	1021585	22
34	231	DA-8	718462	1021588	22
34	231	DA-8	718463	1021591	22
35	232	DA-9	718465	1020579	18
35	232	DA-9	718466	1020596	18
35	232	DA-9	718467	1020609	18
35	232	DA-9	718468	1020630	18
35	232	DA-9	718469	1020655	18
35	232	DA-9	718470	1020676	18
35	232	DA-9	718471	1020693	18
35	232	DA-9	718472	1020715	18
35	232	DA-9	718473	1020730	18
35	232	DA-9	718474	1020754	18
35	232	DA-9	718475	1020780	18
35	232	DA-9	718476	1020794	18
35	232	DA-9	718477	1020819	18
35	232	DA-9	718478	1020836	18
35	232	DA-9	718479	1020851	18
35	232	DA-9	718480	1020872	18
35	232	DA-9	718481	1020890	18
35	232	DA-9	718482	1020907	18
36	233	DA-10	718484	1020564	12
36	233	DA-10	718485	1020601	12
36	233	DA-10	718486	1020653	12
36	233	DA-10	718487	1020692	12
36	233	DA-10	718488	1020732	12
36	233	DA-10	718489	1020771	12
36	233	DA-10	718490	1020803	12
36	233	DA-10	718491	1020830	12
36	233	DA-10	718492	1020853	12
36	233	DA-10	718493	1020873	12
36	233	DA-10	718494	1020888	12
36	233	DA-10	718495	1020899	12
37	234	DA-11	718497	1020512	12
37	234	DA-11	718498	1020544	12
37	234	DA-11	718499	1020581	12
37	234	DA-11	718500	1020618	12
37	234	DA-11	718501	1020668	12
37	234	DA-11	718502	1020708	12
37	234	DA-11	718503	1020741	12
37	234	DA-11	718504	1020772	12
37	234	DA-11	718505	1020800	12
37	234	DA-11	718506	1020822	12
37	234	DA-11	718507	1020840	12
37	234	DA-11	718508	1020850	12
38	235	DA-12	718510	1020526	12
38	235	DA-12	718511	1020558	12
38	235	DA-12	718512	1020594	12
38	235	DA-12	718513	1020629	12
38	235	DA-12	718514	1020677	12
38	235	DA-12	718515	1020710	12
38	235	DA-12	718516	1020743	12
38	235	DA-12	718517	1020769	12
38	235	DA-12	718518	1020795	12
38	235	DA-12	718519	1020818	12
38	235	DA-12	718520	1020834	12
38	235	DA-12	718521	1020845	12
39	236	DA-13	718523	1020522	12
39	236	DA-13	718524	1020554	12
39	236	DA-13	718525	1020583	12
39	236	DA-13	718526	1020621	12
39	236	DA-13	718527	1020667	12
39	236	DA-13	718528	1020702	12
39	236	DA-13	718529	1020731	12
39	236	DA-13	718530	1020765	12
39	236	DA-13	718531	1020787	12
39	236	DA-13	718532	1020811	12
39	236	DA-13	718533	1020827	12
39	236	DA-13	718534	1020838	12
40	237	DA-14	718536	1020467	16
40	237	DA-14	718537	1020480	16
40	237	DA-14	718538	1020493	16
40	237	DA-14	718539	1020501	16
40	237	DA-14	718540	1020513	16
40	237	DA-14	718541	1020525	16
40	237	DA-14	718542	1020534	16
40	237	DA-14	718543	1020555	16
40	237	DA-14	718544	1020572	16
40	237	DA-14	718545	1020589	16
40	237	DA-14	718546	1020608	16
40	237	DA-14	718547	1020631	16
40	237	DA-14	718548	1020657	16
40	237	DA-14	718549	1020682	16
40	237	DA-14	718550	1020703	16
40	237	DA-14	718551	1020725	16
41	238	DA-15	718553	1020456	14
41	238	DA-15	718554	1020475	14
41	238	DA-15	718555	1020494	14
41	238	DA-15	718556	1020518	14
41	238	DA-15	718557	1020543	14
41	238	DA-15	718558	1020565	14
41	238	DA-15	718559	1020591	14
41	238	DA-15	718560	1020613	14
41	238	DA-15	718561	1020647	14
41	238	DA-15	718562	1020670	14
41	238	DA-15	718563	1020689	14
41	238	DA-15	718564	1020712	14
41	238	DA-15	718565	1020726	14
41	238	DA-15	718566	1020736	14
42	239	DA-16	718568	1020466	12
42	239	DA-16	718569	1020490	12
42	239	DA-16	718570	1020517	12
42	239	DA-16	718571	1020542	12
42	239	DA-16	718572	1020571	12
42	239	DA-16	718573	1020598	12
42	239	DA-16	718574	1020627	12
42	239	DA-16	718575	1020660	12
42	239	DA-16	718576	1020684	12
42	239	DA-16	718577	1020707	12
42	239	DA-16	718578	1020723	12
42	239	DA-16	718579	1020733	12
43	240	DA-17	718581	1020479	12
43	240	DA-17	718582	1020502	12
43	240	DA-17	718583	1020532	12
43	240	DA-17	718584	1020560	12
43	240	DA-17	718585	1020586	12
43	240	DA-17	718586	1020616	12
43	240	DA-17	718587	1020656	12
43	240	DA-17	718588	1020683	12
43	240	DA-17	718589	1020711	12
43	240	DA-17	718590	1020728	12
43	240	DA-17	718591	1020745	12
43	240	DA-17	718592	1020762	12
44	241	DA-18	718594	1020441	12
44	241	DA-18	718595	1020452	12
44	241	DA-18	718596	1020469	12
44	241	DA-18	718597	1020489	12
44	241	DA-18	718598	1020506	12
44	241	DA-18	718599	1020529	12
44	241	DA-18	718600	1020552	12
44	241	DA-18	718601	1020569	12
44	241	DA-18	718602	1020588	12
44	241	DA-18	718603	1020606	12
44	241	DA-18	718604	1020623	12
44	241	DA-18	718605	1020638	12
45	242	DA-19	718607	1020440	12
45	242	DA-19	718608	1020451	12
45	242	DA-19	718609	1020468	12
45	242	DA-19	718610	1020486	12
45	242	DA-19	718611	1020505	12
45	242	DA-19	718612	1020528	12
45	242	DA-19	718613	1020551	12
45	242	DA-19	718614	1020568	12
45	242	DA-19	718615	1020587	12
45	242	DA-19	718616	1020605	12
45	242	DA-19	718617	1020622	12
45	242	DA-19	718618	1020637	12
46	243	DA-20	718620	1020426	14
46	243	DA-20	718621	1020431	14
46	243	DA-20	718622	1020436	14
46	243	DA-20	718623	1020443	14
46	243	DA-20	718624	1020448	14
46	243	DA-20	718625	1020458	14
46	243	DA-20	718626	1020472	14
46	243	DA-20	718627	1020483	14
46	243	DA-20	718628	1020496	14
46	243	DA-20	718629	1020504	14
46	243	DA-20	718630	1020519	14
46	243	DA-20	718631	1020530	14
46	243	DA-20	718632	1020540	14
46	243	DA-20	718633	1020548	14
47	244	DA-21	718635	1020716	12
47	244	DA-21	718636	1020760	12
47	244	DA-21	718637	1020801	12
47	244	DA-21	718638	1021578	12
47	244	DA-21	718639	1021581	12
47	244	DA-21	718640	1021584	12
47	244	DA-21	718641	1021587	12
47	244	DA-21	718642	1021590	12
47	244	DA-21	718643	1021593	12
47	244	DA-21	718644	1021596	12
47	244	DA-21	718645	1021597	12
47	244	DA-21	718646	1021598	12
48	245	DA-22	718648	1020753	6
48	245	DA-22	718649	1020809	6
48	245	DA-22	718650	1020858	6
48	245	DA-22	718651	1020887	6
48	245	DA-22	718652	1020915	6
48	245	DA-22	718653	1020924	6
49	246	DBA-1	718655	1020792	8
49	246	DBA-1	718656	1020839	8
49	246	DBA-1	718657	1020878	8
49	246	DBA-1	718658	1020906	8
49	246	DBA-1	718659	1020931	8
49	246	DBA-1	718660	1020943	8
49	246	DBA-1	718661	1020956	8
49	246	DBA-1	718662	1021618	8
50	247	DBA-2	718664	1020777	8
50	247	DBA-2	718665	1020824	8
50	247	DBA-2	718666	1020874	8
50	247	DBA-2	718667	1020901	8
50	247	DBA-2	718668	1020926	8
50	247	DBA-2	718669	1020937	8
50	247	DBA-2	718670	1020958	8
50	247	DBA-2	718671	1021620	8
51	248	FDB-01	718673	1021429	24
51	248	FDB-01	718674	1021410	24
51	248	FDB-01	718675	1021395	24
51	248	FDB-01	718676	1021377	24
51	248	FDB-01	718677	1021358	24
51	248	FDB-01	718678	1021338	24
51	248	FDB-01	718679	1021323	24
51	248	FDB-01	718680	1021304	24
51	248	FDB-01	718681	1021285	24
51	248	FDB-01	718682	1021260	24
51	248	FDB-01	718683	1021237	24
51	248	FDB-01	718684	1021221	24
51	248	FDB-01	718685	1021210	24
51	248	FDB-01	718686	1021204	24
51	248	FDB-01	718687	1021198	24
51	248	FDB-01	718688	1021191	24
51	248	FDB-01	718951	1021724	24
51	248	FDB-01	718952	1021725	24
51	248	FDB-01	719023	1021725	24
51	248	FDB-01	719024	1021725	24
51	248	FDB-01	719025	1021725	24
51	248	FDB-01	719026	1021429	24
51	248	FDB-01	719027	1021724	24
51	248	FDB-01	719028	1021724	24
52	249	FDB-02	718690	1021425	31
52	249	FDB-02	718691	1021411	31
52	249	FDB-02	718692	1021396	31
52	249	FDB-02	718693	1021379	31
52	249	FDB-02	718694	1021360	31
52	249	FDB-02	718695	1021341	31
52	249	FDB-02	718696	1021325	31
52	249	FDB-02	718697	1021308	31
52	249	FDB-02	718698	1021287	31
52	249	FDB-02	718699	1021266	31
52	249	FDB-02	718700	1021241	31
52	249	FDB-02	718701	1021223	31
52	249	FDB-02	718702	1021214	31
52	249	FDB-02	718703	1021206	31
52	249	FDB-02	718704	1021200	31
52	249	FDB-02	718705	1021195	31
52	249	FDB-02	718949	1021721	31
52	249	FDB-02	718950	1021722	31
52	249	FDB-02	719010	1021396	31
52	249	FDB-02	719011	1021411	31
52	249	FDB-02	719012	1021411	31
52	249	FDB-02	719013	1021721	31
52	249	FDB-02	719014	1021721	31
52	249	FDB-02	719029	1021722	31
52	249	FDB-02	719030	1021722	31
52	249	FDB-02	719032	1021360	31
52	249	FDB-02	719033	1021379	31
52	249	FDB-02	719034	1021379	31
52	249	FDB-02	719035	1021411	31
52	249	FDB-02	719037	1021722	31
52	249	FDB-02	719038	1021721	31
53	250	FDB-03	718707	1021426	26
53	250	FDB-03	718708	1021413	26
53	250	FDB-03	718709	1021397	26
53	250	FDB-03	718710	1021381	26
53	250	FDB-03	718711	1021364	26
53	250	FDB-03	718712	1021346	26
53	250	FDB-03	718713	1021329	26
53	250	FDB-03	718714	1021315	26
53	250	FDB-03	718715	1021297	26
53	250	FDB-03	718716	1021277	26
53	250	FDB-03	718717	1021256	26
53	250	FDB-03	718718	1021234	26
53	250	FDB-03	718719	1021219	26
53	250	FDB-03	718720	1021211	26
53	250	FDB-03	718721	1021205	26
53	250	FDB-03	718722	1021201	26
53	250	FDB-03	718945	1021718	26
53	250	FDB-03	718946	1021719	26
53	250	FDB-03	719005	1021381	26
53	250	FDB-03	719006	1021413	26
53	250	FDB-03	719007	1021718	26
53	250	FDB-03	719008	1021718	26
53	250	FDB-03	719009	1021364	26
53	250	FDB-03	719031	1021381	26
53	250	FDB-03	719039	1021364	26
53	250	FDB-03	719040	1021381	26
54	251	FDB-04	718724	1021430	27
54	251	FDB-04	718725	1021414	27
54	251	FDB-04	718726	1021399	27
54	251	FDB-04	718727	1021383	27
54	251	FDB-04	718728	1021366	27
54	251	FDB-04	718729	1021349	27
54	251	FDB-04	718730	1021333	27
54	251	FDB-04	718731	1021317	27
54	251	FDB-04	718732	1021301	27
54	251	FDB-04	718733	1021283	27
54	251	FDB-04	718734	1021263	27
54	251	FDB-04	718735	1021245	27
54	251	FDB-04	718736	1021226	27
54	251	FDB-04	718737	1021216	27
54	251	FDB-04	718738	1021209	27
54	251	FDB-04	718739	1021203	27
54	251	FDB-04	718947	1021715	27
54	251	FDB-04	718948	1021716	27
54	251	FDB-04	719041	1021399	27
54	251	FDB-04	719042	1021383	27
54	251	FDB-04	719043	1021366	27
54	251	FDB-04	719044	1021399	27
54	251	FDB-04	719045	1021414	27
54	251	FDB-04	719046	1021414	27
54	251	FDB-04	719047	1021430	27
54	251	FDB-04	719048	1021430	27
54	251	FDB-04	719049	1021715	27
55	252	FDB-05	718741	1021427	31
55	252	FDB-05	718742	1021415	31
55	252	FDB-05	718743	1021400	31
55	252	FDB-05	718744	1021386	31
55	252	FDB-05	718745	1021369	31
55	252	FDB-05	718746	1021351	31
55	252	FDB-05	718747	1021336	31
55	252	FDB-05	718748	1021321	31
55	252	FDB-05	718749	1021305	31
55	252	FDB-05	718750	1021290	31
55	252	FDB-05	718751	1021271	31
55	252	FDB-05	718752	1021252	31
55	252	FDB-05	718753	1021232	31
55	252	FDB-05	718754	1021220	31
55	252	FDB-05	718755	1021213	31
55	252	FDB-05	718756	1021207	31
55	252	FDB-05	718943	1021712	31
55	252	FDB-05	718944	1021713	31
55	252	FDB-05	718972	1021757	31
55	252	FDB-05	718976	1021756	31
55	252	FDB-05	718998	1021386	31
55	252	FDB-05	718999	1021415	31
55	252	FDB-05	719000	1021712	31
55	252	FDB-05	719001	1021712	31
55	252	FDB-05	719002	1021415	31
55	252	FDB-05	719003	1021757	31
55	252	FDB-05	719004	1021756	31
55	252	FDB-05	719050	1021386	31
55	252	FDB-05	719051	1021386	31
55	252	FDB-05	719052	1021369	31
55	252	FDB-05	719053	1021386	31
56	253	FDB-06	718758	1021428	31
56	253	FDB-06	718759	1021416	31
56	253	FDB-06	718760	1021402	31
56	253	FDB-06	718761	1021387	31
56	253	FDB-06	718762	1021372	31
56	253	FDB-06	718763	1021356	31
56	253	FDB-06	718764	1021339	31
56	253	FDB-06	718765	1021328	31
56	253	FDB-06	718766	1021314	31
56	253	FDB-06	718767	1021298	31
56	253	FDB-06	718768	1021282	31
56	253	FDB-06	718769	1021267	31
56	253	FDB-06	718770	1021248	31
56	253	FDB-06	718771	1021230	31
56	253	FDB-06	718772	1021222	31
56	253	FDB-06	718773	1021215	31
56	253	FDB-06	718939	1021709	31
56	253	FDB-06	718940	1021710	31
56	253	FDB-06	718974	1021761	31
56	253	FDB-06	718975	1021760	31
56	253	FDB-06	718986	1021709	31
56	253	FDB-06	718987	1021416	31
56	253	FDB-06	718988	1021387	31
56	253	FDB-06	718989	1021372	31
56	253	FDB-06	718990	1021710	31
56	253	FDB-06	718991	1021416	31
56	253	FDB-06	718992	1021387	31
56	253	FDB-06	718993	1021760	31
56	253	FDB-06	718994	1021387	31
56	253	FDB-06	718995	1021372	31
56	253	FDB-06	718997	1021416	31
57	254	FDB-07	718775	1021431	22
57	254	FDB-07	718776	1021417	22
57	254	FDB-07	718777	1021403	22
57	254	FDB-07	718778	1021388	22
57	254	FDB-07	718779	1021374	22
57	254	FDB-07	718780	1021359	22
57	254	FDB-07	718781	1021342	22
57	254	FDB-07	718782	1021331	22
57	254	FDB-07	718783	1021316	22
57	254	FDB-07	718784	1021303	22
57	254	FDB-07	718785	1021289	22
57	254	FDB-07	718786	1021274	22
57	254	FDB-07	718787	1021258	22
57	254	FDB-07	718788	1021240	22
57	254	FDB-07	718789	1021227	22
57	254	FDB-07	718790	1021218	22
57	254	FDB-07	718941	1021706	22
57	254	FDB-07	718942	1021707	22
57	254	FDB-07	719054	1021403	22
57	254	FDB-07	719055	1021417	22
57	254	FDB-07	719056	1021431	22
57	254	FDB-07	719057	1021388	22
58	255	FDB-08	718792	1021432	24
58	255	FDB-08	718793	1021418	24
58	255	FDB-08	718794	1021404	24
58	255	FDB-08	718795	1021390	24
58	255	FDB-08	718796	1021376	24
58	255	FDB-08	718797	1021363	24
58	255	FDB-08	718798	1021348	24
58	255	FDB-08	718799	1021335	24
58	255	FDB-08	718800	1021322	24
58	255	FDB-08	718801	1021310	24
58	255	FDB-08	718802	1021295	24
58	255	FDB-08	718803	1021280	24
58	255	FDB-08	718804	1021265	24
58	255	FDB-08	718805	1021250	24
58	255	FDB-08	718806	1021235	24
58	255	FDB-08	718807	1021224	24
58	255	FDB-08	718937	1021703	24
58	255	FDB-08	718938	1021704	24
58	255	FDB-08	718980	1021390	24
58	255	FDB-08	718981	1021703	24
58	255	FDB-08	718982	1021432	24
58	255	FDB-08	718983	1021418	24
58	255	FDB-08	718984	1021418	24
58	255	FDB-08	718985	1021703	24
59	256	FDB-09	718809	1021433	29
59	256	FDB-09	718810	1021419	29
59	256	FDB-09	718811	1021405	29
59	256	FDB-09	718812	1021392	29
59	256	FDB-09	718813	1021380	29
59	256	FDB-09	718814	1021367	29
59	256	FDB-09	718815	1021354	29
59	256	FDB-09	718816	1021340	29
59	256	FDB-09	718817	1021330	29
59	256	FDB-09	718818	1021319	29
59	256	FDB-09	718819	1021307	29
59	256	FDB-09	718820	1021293	29
59	256	FDB-09	718821	1021281	29
59	256	FDB-09	718822	1021270	29
59	256	FDB-09	718823	1021255	29
59	256	FDB-09	718824	1021244	29
59	256	FDB-09	718933	1021700	29
59	256	FDB-09	718934	1021701	29
59	256	FDB-09	718977	1021419	29
59	256	FDB-09	718978	1021405	29
59	256	FDB-09	718979	1021392	29
59	256	FDB-09	719058	1021419	29
59	256	FDB-09	719059	1021419	29
59	256	FDB-09	719060	1021392	29
59	256	FDB-09	719061	1021380	29
59	256	FDB-09	719062	1021700	29
59	256	FDB-09	719063	1021700	29
59	256	FDB-09	719064	1021405	29
59	256	FDB-09	719065	1021701	29
60	257	FDB-10	718826	1021434	18
60	257	FDB-10	718827	1021420	18
60	257	FDB-10	718828	1021406	18
60	257	FDB-10	718829	1021393	18
60	257	FDB-10	718830	1021382	18
60	257	FDB-10	718831	1021371	18
60	257	FDB-10	718832	1021357	18
60	257	FDB-10	718833	1021344	18
60	257	FDB-10	718834	1021334	18
60	257	FDB-10	718835	1021324	18
60	257	FDB-10	718836	1021311	18
60	257	FDB-10	718837	1021299	18
60	257	FDB-10	718838	1021288	18
60	257	FDB-10	718839	1021276	18
60	257	FDB-10	718840	1021264	18
60	257	FDB-10	718841	1021253	18
60	257	FDB-10	718935	1021697	18
60	257	FDB-10	718936	1021698	18
61	258	FDB-11	718844	1021092	18
61	258	FDB-11	718845	1021075	18
61	258	FDB-11	718846	1021054	18
61	258	FDB-11	718847	1021040	18
61	258	FDB-11	718848	1021029	18
61	258	FDB-11	718849	1021016	18
61	258	FDB-11	718850	1021000	18
61	258	FDB-11	718851	1020988	18
61	258	FDB-11	718852	1020967	18
61	258	FDB-11	718853	1020944	18
61	258	FDB-11	718854	1020902	18
61	258	FDB-11	718855	1020859	18
61	258	FDB-11	718856	1020813	18
61	258	FDB-11	718857	1020756	18
61	258	FDB-11	718858	1020699	18
61	258	FDB-11	718859	1020640	18
61	258	FDB-11	718969	1021747	18
61	258	FDB-11	718970	1021748	18
62	259	FDB-12	718861	1021093	27
62	259	FDB-12	718862	1021077	27
62	259	FDB-12	718863	1021055	27
62	259	FDB-12	718864	1021041	27
62	259	FDB-12	718865	1021031	27
62	259	FDB-12	718866	1021018	27
62	259	FDB-12	718867	1021001	27
62	259	FDB-12	718868	1020989	27
62	259	FDB-12	718869	1020968	27
62	259	FDB-12	718870	1020945	27
62	259	FDB-12	718871	1020903	27
62	259	FDB-12	718872	1020861	27
62	259	FDB-12	718873	1020814	27
62	259	FDB-12	718874	1020758	27
62	259	FDB-12	718875	1020700	27
62	259	FDB-12	718876	1020641	27
62	259	FDB-12	718966	1021741	27
62	259	FDB-12	718967	1021740	27
62	259	FDB-12	719015	1021740	27
62	259	FDB-12	719016	1021741	27
62	259	FDB-12	719017	1021741	27
62	259	FDB-12	719018	1020700	27
62	259	FDB-12	719079	1020814	27
62	259	FDB-12	719080	1020814	27
62	259	FDB-12	719081	1020814	27
62	259	FDB-12	719082	1020814	27
62	259	FDB-12	719083	1020861	27
63	260	FDB-13	718878	1021099	27
63	260	FDB-13	718879	1021089	27
63	260	FDB-13	718880	1021068	27
63	260	FDB-13	718881	1021048	27
63	260	FDB-13	718882	1021035	27
63	260	FDB-13	718883	1021023	27
63	260	FDB-13	718884	1021006	27
63	260	FDB-13	718885	1020991	27
63	260	FDB-13	718886	1020979	27
63	260	FDB-13	718887	1020951	27
63	260	FDB-13	718888	1020908	27
63	260	FDB-13	718889	1020866	27
63	260	FDB-13	718890	1020817	27
63	260	FDB-13	718891	1020763	27
63	260	FDB-13	718892	1020701	27
63	260	FDB-13	718893	1020642	27
63	260	FDB-13	718955	1021730	27
63	260	FDB-13	718956	1021729	27
63	260	FDB-13	718963	1021735	27
63	260	FDB-13	718964	1021734	27
63	260	FDB-13	719072	1020701	27
63	260	FDB-13	719073	1020763	27
63	260	FDB-13	719074	1020701	27
63	260	FDB-13	719075	1020701	27
63	260	FDB-13	719076	1020763	27
63	260	FDB-13	719077	1020817	27
63	260	FDB-13	719078	1020817	27
64	261	FDB-14	718895	1021112	43
64	261	FDB-14	718896	1021109	43
64	261	FDB-14	718897	1021100	43
64	261	FDB-14	718898	1021091	43
64	261	FDB-14	718899	1021082	43
64	261	FDB-14	718900	1021067	43
64	261	FDB-14	718901	1021059	43
64	261	FDB-14	718902	1021052	43
64	261	FDB-14	718903	1021049	43
64	261	FDB-14	718904	1021045	43
64	261	FDB-14	718905	1021038	43
64	261	FDB-14	718906	1021034	43
64	261	FDB-14	718907	1021026	43
64	261	FDB-14	718908	1021017	43
64	261	FDB-14	718909	1021005	43
64	261	FDB-14	718910	1020996	43
64	261	FDB-14	718911	1020985	43
64	261	FDB-14	718912	1020977	43
64	261	FDB-14	718913	1020959	43
64	261	FDB-14	718914	1020918	43
64	261	FDB-14	718915	1020879	43
64	261	FDB-14	718916	1020844	43
64	261	FDB-14	718917	1020797	43
64	261	FDB-14	718918	1020751	43
64	261	FDB-14	718919	1020696	43
64	261	FDB-14	718920	1020643	43
64	261	FDB-14	718953	1021727	43
64	261	FDB-14	718954	1021714	43
64	261	FDB-14	718960	1021717	43
64	261	FDB-14	718961	1021720	43
64	261	FDB-14	719019	1021727	43
64	261	FDB-14	719020	1020643	43
64	261	FDB-14	719021	1021720	43
64	261	FDB-14	719022	1020696	43
64	261	FDB-14	719066	1020643	43
64	261	FDB-14	719067	1021727	43
64	261	FDB-14	719068	1020696	43
64	261	FDB-14	719069	1020797	43
64	261	FDB-14	719070	1020696	43
64	261	FDB-14	719071	1021714	43
64	261	FDB-14	719084	1021727	43
64	261	FDB-14	719085	1021727	43
64	261	FDB-14	719086	1020643	43