C Data about flux contour in a table form     Oznaka - pp1-db
C KKONT,NSUR
   92   25
C c) BOUNDARY CONDITIONS FOR ONE-DIMENSIONAL ELEMENT
C NN,NPV1,NPV2,NPV3,NPV4
   2163813    637880         0         0         0         0         0         0         0  457
   2163830    637919         0         0         0         0         0         0         0  458
   2163832    637951         0         0         0         0         0         0         0  459
   2163857    581468         0         0         0         0         0         0         0  460
   2163971    566591         0         0         0         0         0         0         0  468
   2163982    533693         0         0         0         0         0         0         0  469
   2163993    525386         0         0         0         0         0         0         0  470
   2164007    491277         0         0         0         0         0         0         0  471
   2164121    476624         0         0         0         0         0         0         0  479
   2164132    435532         0         0         0         0         0         0         0  480
   2164143    422595         0         0         0         0         0         0         0  481
   2164324    316211         0         0         0         0         0         0         0  494
   2164338    268422         0         0         0         0         0         0         0  495
   2164352    268422         0         0         0         0         0         0         0  496
   2164469    252199         0         0         0         0         0         0         0  504
   2164480    212820         0         0         0         0         0         0         0  505
   2164491    202903         0         0         0         0         0         0         0  506
   2164505    164935         0         0         0         0         0         0         0  507
   2994402   4370211         0         0         0         0         0         0         0  657
   2994401   4370210         0         0         0         0         0         0         0  658
   2994382   4370189         0         0         0         0         0         0         0  659
   2994381   4370188         0         0         0         0         0         0         0  660
   2994362   4370167         0         0         0         0         0         0         0  661
   2994361   4370166         0         0         0         0         0         0         0  662
   2994351   4370155         0         0         0         0         0         0         0  663
C Data about flux contour in a table form     Oznaka - pp2-db
C KKONT,NSUR
   93   26
C c) BOUNDARY CONDITIONS FOR ONE-DIMENSIONAL ELEMENT
C NN,NPV1,NPV2,NPV3,NPV4
   2163741    598259         0         0         0         0         0         0         0  452
   2163757    602335         0         0         0         0         0         0         0  453
   2163771    582539         0         0         0         0         0         0         0  454
   2163860    559740         0         0         0         0         0         0         0  461
   2163875    539755         0         0         0         0         0         0         0  462
   2163890    519078         0         0         0         0         0         0         0  463
   2163905    498292         0         0         0         0         0         0         0  464
   2164022    469341         0         0         0         0         0         0         0  472
   2164025    444935         0         0         0         0         0         0         0  473
   2164040    412492         0         0         0         0         0         0         0  474
   2164055    383554         0         0         0         0         0         0         0  475
   2164146    344869         0         0         0         0         0         0         0  482
   2164166    293668         0         0         0         0         0         0         0  483
   2164178    276341         0         0         0         0         0         0         0  484
   2164356    240095         0         0         0         0         0         0         0  497
   2164375    223520         0         0         0         0         0         0         0  498
   2164389    204484         0         0         0         0         0         0         0  499
   2164404    185905         0         0         0         0         0         0         0  500
   2994421   4370232         0         0         0         0         0         0         0  634
   2994422   4370233         0         0         0         0         0         0         0  635
   2994441   4370254         0         0         0         0         0         0         0  636
   2994442   4370255         0         0         0         0         0         0         0  637
   2994461   4370276         0         0         0         0         0         0         0  638
   2994462   4370277         0         0         0         0         0         0         0  639
   2994481   4370298         0         0         0         0         0         0         0  640
   2994482   4370299         0         0         0         0         0         0         0  641
C Data about flux contour in a table form     Oznaka - pp3'-db
C KKONT,NSUR
   94   37
C c) BOUNDARY CONDITIONS FOR ONE-DIMENSIONAL ELEMENT
C NN,NPV1,NPV2,NPV3,NPV4
   2163710    636093         0         0         0         0         0         0         0  450
   2163725    613743         0         0         0         0         0         0         0  451
   2163784    625659         0         0         0         0         0         0         0  455
   2163800    592551         0         0         0         0         0         0         0  456
   2163919    556784         0         0         0         0         0         0         0  465
   2163931    529722         0         0         0         0         0         0         0  466
   2163947    501415         0         0         0         0         0         0         0  467
   2164079    466254         0         0         0         0         0         0         0  476
   2164095    429102         0         0         0         0         0         0         0  477
   2164107    387495         0         0         0         0         0         0         0  478
   2164200    316078         0         0         0         0         0         0         0  485
   2164211    316106         0         0         0         0         0         0         0  486
   2164222    316134         0         0         0         0         0         0         0  487
   2164233    316162         0         0         0         0         0         0         0  488
   2164244    316190         0         0         0         0         0         0         0  489
   2164263    333711         0         0         0         0         0         0         0  490
   2164265    311291         0         0         0         0         0         0         0  491
   2164298    300571         0         0         0         0         0         0         0  492
   2164300    279646         0         0         0         0         0         0         0  493
   2164417    240948         0         0         0         0         0         0         0  501
   2164429    207816         0         0         0         0         0         0         0  502
   2164445    175171         0         0         0         0         0         0         0  503
   2994501   4370320         0         0         0         0         0         0         0  642
   2994502   4370321         0         0         0         0         0         0         0  643
   2994521   4370342         0         0         0         0         0         0         0  644
   2994522   4370343         0         0         0         0         0         0         0  645
   2994241   4370034         0         0         0         0         0         0         0  646
   2994242   4370035         0         0         0         0         0         0         0  647
   2994261   4370056         0         0         0         0         0         0         0  648
   2994262   4370057         0         0         0         0         0         0         0  649
   2994281   4370078         0         0         0         0         0         0         0  650
   2994282   4370079         0         0         0         0         0         0         0  651
   2994301   4370100         0         0         0         0         0         0         0  652
   2994302   4370101         0         0         0         0         0         0         0  653
   2994321   4370122         0         0         0         0         0         0         0  654
   2994322   4370123         0         0         0         0         0         0         0  655
   2994341   4370144         0         0         0         0         0         0         0  656
